120 436 530 238 18483.126 
150 384 530 238 18549.134 
164 360 530 238 18582.153 
192 318 530 238 18646.83 
204 302 530 238 18679.939 
216 288 530 238 18712.792 
238 268 530 240 18777.628 
242 258 530 246 18810.303 
246 250 528 246 18843.243 
252 244 530 238 18876.144 
252 238 530 238 18908.815 
254 234 530 238 18943.405 
252 228 530 238 18978.848 
248 226 528 238 19014.087 
240 226 530 238 19083.013 
236 226 526 238 19118.707 
234 228 528 238 19153.985 
234 228 530 238 19189.473 
232 230 528 236 19221.95 
234 228 530 238 19254.227 
234 228 532 240 19307.427 
234 230 530 240 19369.997 
234 228 540 236 19434.158 
234 228 548 238 19500.204 
228 226 552 236 19533.008 
216 226 554 240 19596.913 
206 228 554 240 19629.495 
176 228 556 238 19693.044 
158 230 558 242 19725.061 
138 230 554 240 19756.925 
108 238 554 240 19820.312 
100 242 554 240 19852.191 
98 244 556 238 19884.945 
106 244 552 236 19947.676 
118 244 556 238 19980.597 
136 242 558 240 20012.186 
178 242 570 238 20075.571 
216 244 568 238 20138.236 
232 244 568 238 20170.928 
246 244 568 238 20202.673 
262 244 568 236 20234.417 
276 246 568 228 20267.035 
292 246 568 228 20298.84 
308 246 568 234 20330.647 
324 246 568 238 20363.096 
352 248 568 238 20425.554 
384 252 568 238 20489.13 
396 252 568 238 20522.381 
424 256 568 240 20585.176 
440 258 568 254 20617.644 
452 260 568 262 20650.348 
468 262 564 266 20682.106 
482 266 568 262 20715.011 
494 268 568 260 20747.401 
512 274 560 268 20811.665 
490 278 552 266 20844.301 
470 282 544 268 20876.769 
444 288 538 270 20909.294 
428 292 534 270 20941.65 
408 296 532 270 20974.104 
392 302 528 274 21006.584 
380 308 526 264 21039.035 
352 316 532 236 21103.198 
340 320 544 240 21135.824 
324 324 556 238 21168.435 
308 330 570 238 21200.871 
294 334 574 240 21233.2 
282 338 576 238 21265.927 
272 340 580 238 21298.601 
258 344 584 238 21331.089 
244 348 584 238 21363.858 
212 250 584 238 22283.418 
262 250 584 238 22379.309 
280 254 584 238 22412.387 
296 252 584 238 22445.201 
312 254 584 238 22478.77 
328 256 582 242 22512.147 
344 258 580 246 22545.359 
360 260 580 246 22578.599 
378 262 584 238 22611.618 
392 264 580 236 22644.665 
406 268 584 238 22677.699 
424 272 584 238 22711.056 
440 276 584 238 22744.174 
470 282 584 238 22809.362 
484 286 584 238 22842.295 
500 290 580 250 22875.396 
512 294 572 270 22908.408 
488 330 554 294 22973.336 
452 358 548 294 23006.627 
428 380 544 290 23039.929 
398 404 540 292 23072.912 
376 408 536 294 23106.11 
348 378 538 262 23171.421 
320 356 548 236 23236.461 
306 344 556 236 23270.313 
292 338 564 244 23303.309 
282 330 564 236 23335.848 
258 320 566 238 23406.416 
248 310 566 238 23442.069 
216 212 570 238 24330.86 
236 212 568 238 24366.103 
258 214 566 238 24402.14 
276 216 570 238 24436.717 
296 216 570 238 24471.526 
314 218 570 238 24506.375 
334 218 568 240 24541.078 
350 220 570 238 24576.254 
404 224 568 238 24646.018 
424 224 568 238 24681.185 
460 224 566 240 24750.354 
476 226 564 238 24785.601 
492 226 562 238 24821.795 
510 226 560 232 24856.65 
496 218 554 222 24892.861 
448 204 534 222 24961.708 
424 196 530 228 24997.702 
402 190 526 230 25033.295 
384 184 524 222 25068.725 
348 172 518 232 25104.255 
336 168 518 238 25139.568 
306 164 530 238 25209.701 
294 164 538 238 25245.036 
280 158 538 238 25280.898 
266 156 544 238 25316.455 
254 154 542 238 25352.592 
240 154 548 238 25388.309 
228 154 548 236 25423.735 
214 150 552 240 25459.065 
110 154 548 236 26280.151 
166 144 550 240 26520.398 
228 144 550 240 26656.482 
264 148 550 224 26725.409 
288 152 550 172 26794.945 
298 154 550 144 26829.989 
322 158 550 108 26899.467 
334 162 548 108 26934.421 
344 164 550 106 26969.513 
358 166 550 122 27005.077 
368 170 554 150 27039.92 
380 174 552 182 27073.878 
390 176 550 210 27109.566 
400 180 550 232 27144.484 
412 184 552 238 27180.138 
434 190 548 236 27215.553 
446 196 550 240 27250.281 
452 200 552 238 27286.664 
464 204 552 240 27322.074 
484 212 552 238 27392.113 
494 218 546 234 27428.107 
496 224 550 238 27535.21 
492 224 550 240 27572.084 
484 228 546 228 27607.707 
464 236 510 250 27781.527 
452 240 506 266 27885.331 
448 242 522 266 27954.04 
446 242 534 262 27989.8 
442 244 536 250 28025.186 
434 246 546 238 28060.529 
434 246 548 236 28093.346 
420 248 550 238 28220.327 
416 248 550 238 28252.934 
222 234 550 238 28660.723 
180 238 550 238 28692.619 
178 250 546 242 29220.668 
192 248 552 238 29252.868 
222 248 550 240 29316.221 
282 246 550 240 29441.311 
296 246 546 242 29473.866 
308 246 552 238 29505.696 
324 246 550 238 29537.607 
338 246 546 234 29570.205 
350 246 546 240 29602.019 
364 248 546 238 29633.735 
390 248 550 238 29698.196 
404 250 552 238 29730.861 
422 250 548 238 29763.279 
434 252 550 240 29796.204 
446 252 550 242 29828.552 
460 252 546 246 29860.714 
472 254 542 250 29893.257 
498 260 546 250 29988.676 
492 262 542 256 30021.056 
486 268 536 258 30053.457 
458 282 506 256 30149.061 
446 286 506 244 30181.869 
438 292 494 240 30214.449 
428 298 494 234 30246.839 
418 306 500 236 30279.665 
408 310 510 238 30312.08 
402 314 522 238 30344.743 
392 322 538 236 30376.622 
380 330 552 240 30408.644 
364 342 574 238 30471.97 
356 348 580 238 30504.006 
348 354 578 240 30536.665 
334 358 578 238 30568.575 
326 366 578 238 30600.629 
320 372 578 240 30633.444 
310 382 578 240 30665.554 
280 408 578 240 30792.692 
272 406 578 240 30825.304 
96 378 578 240 31514.512 
92 382 578 240 31547.025 
94 384 578 238 31610.742 
110 356 578 240 31705.739 
138 312 580 236 31770.118 
154 284 578 240 31803.421 
174 258 578 240 31835.949 
188 238 578 240 31868.198 
204 216 578 240 31900.769 
220 194 578 240 31933.299 
256 144 578 240 32028.653 
300 84 578 256 32155.199 
310 76 578 282 32187.755 
318 86 578 302 32220.074 
326 94 574 310 32252.408 
342 106 578 296 32316.392 
348 112 578 282 32348.655 
360 116 578 266 32380.498 
368 122 576 250 32412.609 
376 126 576 242 32445.248 
384 130 578 240 32476.825 
392 134 580 240 32508.734 
400 138 578 238 32541.372 
408 144 578 222 32572.936 
418 150 580 206 32604.991 
426 154 582 198 32637.754 
444 162 582 196 32700.365 
452 168 582 196 32732.809 
460 172 582 196 32765.603 
468 178 582 194 32797.651 
476 182 578 190 32830.384 
484 186 580 194 32862.094 
492 190 580 206 32894.201 
508 200 580 234 32957.613 
514 204 580 238 32989.598 
520 210 580 238 33022.062 
528 212 576 238 33053.687 
524 214 572 220 33085.692 
502 206 566 206 33118.629 
464 184 566 206 33181.178 
416 166 582 238 33275.551 
404 162 580 238 33308.122 
392 156 582 238 33339.667 
378 152 582 240 33371.673 
364 148 582 240 33404.438 
352 144 582 238 33436.249 
340 140 580 238 33468.214 
328 136 582 240 33500.999 
302 128 582 240 33564.469 
290 126 582 240 33597.157 
278 122 580 242 33629.652 
266 118 582 240 33662.173 
254 116 580 238 33694.745 
242 112 582 238 33727.395 
218 106 580 238 33792.469 
196 100 582 240 33856.595 
184 98 582 240 33889.12 
174 244 580 238 34797.447 
190 232 582 240 34830.347 
208 220 580 238 34862.143 
236 198 582 240 34925.743 
264 180 582 240 34988.578 
278 170 580 242 35021.291 
292 162 582 240 35053.558 
306 154 580 238 35085.492 
320 146 582 240 35118.317 
334 138 582 240 35150.042 
348 130 582 238 35181.958 
362 122 582 240 35214.77 
376 116 582 240 35246.485 
392 110 582 238 35278.471 
404 102 582 240 35311.163 
446 84 582 240 35405.31 
462 78 580 238 35437.046 
472 80 584 242 35468.918 
496 84 582 222 35533.299 
508 88 580 202 35565.348 
520 90 576 162 35598.052 
444 108 544 100 35756.223 
428 110 534 100 35789.881 
414 114 532 102 35822.496 
394 120 532 102 35855.042 
378 122 534 114 35887.425 
360 128 542 140 35919.851 
346 130 554 172 35952.212 
330 134 562 202 35984.791 
310 138 562 228 36017.401 
248 154 574 238 36144.056 
232 158 572 242 36176.391 
202 164 572 242 36240.314 
186 168 574 238 36272.979 
170 170 576 242 36305.617 
154 174 574 238 36338.054 
142 176 574 238 36370.514 
142 262 576 242 37213.503 
156 240 574 240 37246.321 
210 158 574 238 37372.929 
230 126 574 238 37437.047 
258 76 574 238 37532.483 
264 78 574 240 37564.918 
268 92 574 240 37597.072 
274 106 574 238 37629.767 
278 114 574 238 37662.189 
284 124 574 240 37694.616 
290 130 574 238 37727.481 
298 136 572 242 37759.921 
304 140 574 238 37792.302 
318 150 574 238 37856.553 
330 160 574 240 37920.411 
336 166 574 238 37952.92 
346 170 574 238 37985.521 
352 176 574 238 38018.203 
366 186 568 256 38082.084 
372 190 560 270 38114.832 
378 194 554 278 38147.335 
392 204 556 278 38212.232 
400 210 562 282 38244.612 
408 216 570 282 38277.072 
416 220 582 278 38309.659 
430 230 598 250 38373.572 
436 232 604 250 38406.242 
440 236 608 252 38438.746 
456 248 604 254 38501.914 
464 252 596 250 38533.783 
470 256 600 258 38566.503 
476 260 598 270 38598.322 
484 264 594 284 38630.221 
492 268 586 286 38662.901 
498 272 580 276 38694.676 
500 276 574 260 38726.629 
508 280 574 250 38759.202 
516 286 576 240 38790.894 
524 292 574 240 38822.888 
530 296 576 240 38855.798 
538 300 572 242 38887.521 
540 304 574 240 38919.508 
536 306 574 238 38952.31 
536 310 574 238 38984.075 
534 314 574 240 39016.068 
532 318 574 242 39048.62 
528 320 580 258 39080.472 
528 326 588 270 39112.368 
522 330 596 286 39145.096 
524 336 602 302 39176.826 
522 340 606 320 39209.979 
520 346 600 338 39242.76 
516 354 602 352 39305.415 
516 358 604 356 39338.105 
512 362 600 370 39369.874 
510 366 592 376 39401.861 
508 370 582 374 39434.685 
504 374 574 374 39466.547 
500 384 570 374 39530.531 
496 390 574 378 39563.068 
490 392 568 374 39595.075 
492 398 564 362 39627.929 
488 402 558 346 39660.73 
488 408 562 330 39693.285 
484 412 566 318 39725.81 
484 414 578 302 39758.769 
480 412 586 286 39791.222 
480 412 600 272 39824.029 
476 412 608 256 39856.876 
472 410 608 246 39889.343 
468 408 602 238 39921.807 
458 406 608 238 39985.829 
192 322 608 242 40522.142 
52 326 608 238 40802.43 
56 324 608 242 40834.327 
148 310 608 242 41021.623 
170 308 606 240 41054.133 
188 306 606 240 41085.811 
206 306 608 242 41117.522 
224 304 604 246 41150.139 
238 302 608 244 41181.841 
252 300 608 238 41213.587 
284 296 606 240 41276.942 
298 296 608 242 41308.841 
312 292 606 240 41341.272 
328 290 608 242 41372.846 
344 288 608 244 41404.42 
356 286 610 246 41437.024 
372 284 608 238 41468.955 
388 282 608 242 41501.874 
400 280 606 240 41534.389 
412 278 606 240 41566.086 
428 274 606 240 41597.734 
472 268 608 242 41691.464 
484 264 608 246 41724.263 
498 262 610 250 41755.976 
512 258 608 250 41788.809 
536 252 594 262 41852.526 
532 248 582 260 41884.977 
512 236 574 258 41917.154 
492 228 570 258 41949.813 
456 212 560 240 42013.302 
440 206 560 238 42046.058 
400 186 574 238 42141.325 
354 154 602 240 42298.51 
344 148 608 238 42331.249 
336 142 608 238 42363.631 
328 136 608 238 42395.942 
318 130 606 240 42428.567 
308 126 608 238 42461.986 
300 120 606 240 42494.135 
290 114 604 240 42526.711 
282 108 606 240 42559.128 
274 102 608 238 42591.545 
266 98 608 242 42623.485 
256 94 606 242 42655.353 
248 88 608 238 42688.038 
216 78 580 242 42812.807 
206 78 572 238 42844.945 
184 114 568 238 43377.221 
172 134 566 240 43410.808 
156 156 568 238 43442.986 
136 178 568 238 43475.669 
120 200 568 238 43508.162 
102 222 564 242 43540.502 
52 272 568 238 43667.09 
50 280 566 240 43699.582 
204 280 564 242 44108.064 
220 282 564 236 44140.733 
240 282 568 238 44173.37 
256 282 566 238 44205.606 
272 282 562 238 44238.109 
322 282 562 238 44333.415 
340 282 558 238 44365.903 
356 282 560 238 44399.489 
388 282 556 244 44463.364 
404 280 558 240 44495.438 
420 280 562 242 44527.929 
432 280 558 242 44560.246 
448 278 554 246 44592.515 
464 276 554 250 44624.4 
480 274 558 254 44656.407 
492 274 560 256 44689.065 
468 280 532 272 44782.702 
450 284 526 274 44814.248 
432 286 522 274 44846.085 
416 288 518 272 44878.591 
402 292 514 254 44910.207 
378 298 510 238 44973.752 
366 302 514 240 45005.401 
360 304 522 240 45037.3 
348 308 536 236 45069.682 
342 310 546 240 45101.109 
332 314 556 238 45132.927 
322 318 566 240 45165.558 
314 322 574 238 45197.183 
304 326 578 238 45229.0 
296 330 582 238 45261.693 
288 334 582 240 45293.288 
280 338 582 240 45326.059 
272 344 582 238 45358.569 
168 346 582 240 45704.084 
146 346 582 238 45736.43 
60 356 582 238 45863.373 
200 330 582 238 46334.163 
216 328 580 240 46366.577 
232 324 580 242 46399.015 
248 320 582 238 46431.746 
264 316 582 238 46464.082 
280 312 582 238 46496.378 
308 304 582 238 46560.148 
324 300 580 242 46592.518 
338 296 584 248 46625.113 
380 282 582 238 46720.105 
394 278 582 238 46752.239 
424 268 580 242 46815.053 
438 264 576 238 46847.07 
450 260 580 238 46879.566 
472 250 582 234 46942.207 
500 238 576 238 47005.514 
512 234 566 240 47037.806 
500 216 556 232 47100.676 
486 206 552 232 47132.559 
476 196 548 232 47165.04 
468 188 546 238 47196.721 
460 180 542 240 47228.766 
456 172 542 238 47261.386 
450 166 550 238 47292.949 
442 158 556 238 47324.889 
436 150 570 238 47357.171 
432 144 582 238 47388.718 
426 136 590 238 47420.441 
420 128 598 238 47453.246 
412 122 606 240 47484.851 
408 116 610 238 47516.695 
400 110 602 242 47549.356 
372 80 608 238 47705.733 
364 74 608 240 47738.42 
358 76 606 238 47770.969 
344 78 604 240 47835.007 
338 80 606 242 47867.521 
324 82 606 240 47931.021 
322 86 608 238 47963.532 
314 90 608 238 47996.071 
308 92 602 238 48028.367 
302 94 606 240 48060.948 
296 96 606 240 48093.581 
96 278 574 244 48628.316 
32 320 568 238 48847.346 
204 272 568 238 49188.421 
220 268 568 238 49220.476 
236 266 570 238 49253.18 
254 266 570 238 49284.908 
272 264 568 238 49316.739 
288 264 570 238 49349.301 
306 262 570 240 49380.905 
324 260 568 238 49413.284 
340 260 570 238 49446.181 
356 260 568 238 49477.862 
376 260 568 238 49509.774 
408 258 566 242 49574.223 
424 258 570 242 49606.65 
440 258 570 254 49638.963 
458 258 568 256 49671.422 
472 258 564 254 49703.819 
488 258 564 258 49736.124 
502 262 558 258 49768.677 
476 264 538 258 49833.631 
456 268 530 260 49866.267 
436 270 526 262 49898.952 
420 274 522 256 49931.265 
406 276 518 246 49963.675 
392 276 512 236 49996.03 
380 280 512 236 50028.267 
372 282 518 238 50060.807 
360 284 526 240 50093.182 
350 286 530 238 50125.481 
326 288 538 238 50189.407 
318 290 536 238 50221.748 
308 292 542 238 50254.165 
298 294 544 238 50286.54 
288 296 546 238 50319.121 
276 298 550 238 50351.685 
246 300 546 238 50447.107 
226 302 546 238 50510.558 
216 302 548 238 50543.006 
236 288 550 238 51569.157 
256 290 546 238 51601.709 
270 294 550 238 51634.069 
286 298 548 240 51666.707 
304 300 546 238 51699.258 
316 304 550 238 51731.748 
332 308 552 238 51764.411 
348 312 558 238 51796.873 
364 318 564 238 51829.495 
380 320 566 238 51862.271 
396 326 564 238 51894.86 
424 336 564 238 51958.79 
438 342 562 238 51991.181 
452 344 562 238 52023.701 
468 352 566 242 52056.439 
480 356 562 256 52088.818 
492 362 564 284 52121.427 
506 368 562 316 52154.191 
504 394 560 378 52280.709 
500 378 562 378 52313.778 
492 358 560 378 52347.029 
492 344 562 372 52379.966 
486 316 560 340 52445.142 
480 306 544 328 52478.239 
480 296 546 312 52511.782 
476 286 546 298 52545.069 
476 280 546 286 52579.219 
476 274 546 266 52612.196 
476 260 546 238 52677.499 
472 252 546 230 52710.596 
472 246 540 228 52743.686 
472 240 530 234 52776.265 
470 196 500 236 52999.7 
468 190 502 236 53032.193 
470 180 522 238 53097.29 
472 170 550 238 53160.928 
472 164 564 240 53194.395 
472 158 578 238 53226.717 
470 158 594 242 53259.345 
472 148 606 240 53292.795 
474 144 604 240 53325.236 
474 140 602 240 53357.893 
56 274 606 240 54609.705 
58 240 606 240 54706.276 
200 266 606 240 55242.907 
228 228 606 240 55307.514 
240 210 606 240 55339.578 
264 180 606 242 55403.94 
274 168 604 258 55436.048 
284 156 602 286 55468.476 
304 132 606 308 55532.741 
312 122 600 304 55565.154 
334 100 608 270 55630.64 
342 90 604 250 55663.214 
350 80 606 240 55696.223 
368 84 606 240 55759.621 
376 92 606 240 55792.681 
384 98 606 240 55824.821 
400 104 606 240 55889.3 
412 108 608 236 55922.496 
418 110 608 230 55955.388 
426 114 608 230 55988.349 
432 120 608 228 56021.479 
440 124 602 238 56054.242 
452 128 600 246 56087.26 
460 130 600 246 56120.479 
468 134 604 242 56153.369 
476 140 608 226 56186.195 
478 144 608 220 56219.258 
496 152 604 222 56284.051 
504 156 594 222 56317.081 
520 166 596 250 56381.807 
524 170 592 250 56414.974 
532 174 580 242 56447.727 
500 188 558 208 56544.395 
482 196 548 212 56578.62 
472 200 544 224 56611.633 
458 206 546 246 56644.353 
446 212 554 270 56677.236 
422 226 584 288 56742.113 
398 238 608 290 56807.039 
370 252 606 288 56871.44 
348 268 608 288 56934.928 
340 274 606 288 56968.015 
330 282 606 288 57000.234 
314 292 604 290 57032.674 
188 266 606 288 58080.244 
204 250 604 286 58113.134 
236 224 606 288 58178.309 
252 212 606 288 58211.207 
266 198 606 288 58244.489 
282 186 606 284 58277.314 
296 176 606 282 58310.556 
310 164 606 284 58343.483 
324 152 604 290 58376.257 
338 140 606 288 58409.136 
352 130 606 288 58442.321 
366 118 606 288 58475.095 
380 108 606 288 58507.99 
396 96 606 288 58541.171 
410 86 606 288 58574.367 
424 76 604 290 58607.149 
436 82 602 286 58640.17 
444 90 602 286 58673.041 
456 92 606 288 58705.868 
468 98 608 286 58739.017 
476 102 600 274 58771.82 
488 104 596 252 58804.607 
500 106 582 226 58837.566 
512 110 570 196 58870.414 
524 112 564 180 58903.488 
460 122 556 124 59030.911 
444 124 568 120 59063.283 
428 128 582 118 59097.979 
416 132 588 122 59130.044 
402 134 588 130 59162.284 
384 140 590 154 59195.485 
372 144 588 166 59227.501 
356 148 590 168 59259.717 
344 152 590 168 59292.941 
328 158 588 168 59324.983 
314 162 590 174 59357.344 
300 168 588 170 59390.47 
272 178 590 172 59453.872 
260 184 588 170 59486.831 
200 242 588 170 60639.246 
212 230 588 170 60674.757 
224 214 588 170 60710.267 
236 200 588 170 60745.29 
248 182 594 178 60780.659 
272 158 588 170 60850.838 
284 142 588 170 60886.461 
332 90 572 228 61024.629 
344 76 568 238 61060.247 
360 92 568 240 61129.457 
368 100 568 240 61164.301 
378 106 568 246 61200.121 
388 112 568 264 61234.737 
396 118 568 284 61269.886 
408 120 568 294 61305.264 
416 126 564 292 61340.166 
426 132 562 286 61375.318 
436 138 566 268 61411.041 
444 144 570 254 61446.026 
462 154 578 236 61512.537 
472 162 576 238 61544.32 
478 168 570 240 61575.965 
488 174 568 240 61608.28 
496 180 566 240 61641.107 
504 188 566 240 61674.009 
512 194 566 238 61706.566 
506 240 564 240 62056.887 
498 246 562 242 62152.373 
492 252 560 240 62216.103 
490 254 562 240 62248.394 
488 256 562 242 62280.802 
486 258 564 240 62313.461 
482 260 564 240 62371.684 
478 262 564 242 62425.981 
470 264 562 242 62489.748 
466 266 556 258 62522.163 
462 268 546 272 62554.63 
454 272 546 282 62587.035 
450 274 540 282 62620.628 
448 276 544 282 62653.092 
440 278 538 286 62716.805 
436 278 542 280 62749.308 
428 280 526 282 62813.033 
424 280 516 278 62845.526 
416 282 510 278 62877.964 
414 282 506 278 62910.487 
398 286 504 268 63037.506 
394 286 500 254 63070.068 
496 254 598 242 65380.369 
496 254 598 240 65412.38 
498 258 598 240 65445.184 
498 258 598 244 65476.807 
496 260 594 254 65508.788 
500 264 604 254 65572.247 
496 264 610 256 65604.332 
500 266 608 256 65636.995 
500 266 608 254 65668.616 
500 268 606 254 65700.459 
500 268 608 254 65733.244 
500 268 606 256 65764.889 
500 268 608 258 65796.748 
500 266 592 276 65860.281 
498 264 576 274 65923.611 
498 264 574 274 65955.084 
496 264 572 274 65986.86 
496 262 570 274 66019.425 
496 260 566 274 66050.931 
496 256 564 266 66145.868 
496 254 572 264 66178.103 
498 252 580 266 66210.322 
496 252 588 266 66242.831 
496 250 596 266 66275.084 
496 248 608 266 66338.854 
496 246 608 264 66372.125 
498 246 608 248 66404.429 
498 246 608 246 66436.669 
498 244 606 246 66468.986 
498 244 600 246 66501.388 
498 244 586 246 66564.819 
498 244 582 246 66597.359 
498 244 580 246 66629.825 
496 246 580 244 66662.063 
498 246 576 246 66694.522 
498 248 572 246 66726.962 
498 248 572 246 66759.252 
498 248 576 244 66791.509 
498 250 582 244 66823.993 
500 252 586 246 66856.186 
500 254 596 246 66888.661 
500 254 596 244 66921.123 
500 256 604 250 66953.325 
500 258 608 262 66985.732 
220 290 608 242 68194.908 
270 230 608 242 68289.761 
308 180 604 246 68384.754 
322 166 608 244 68417.225 
332 152 608 244 68449.444 
356 122 602 232 68512.76 
368 108 608 220 68545.016 
378 94 606 222 68577.192 
388 80 604 226 68609.595 
400 80 606 240 68641.855 
408 92 606 242 68674.207 
416 102 604 238 68706.753 
444 120 608 244 68801.212 
456 126 608 252 68833.566 
476 134 608 250 68897.254 
484 136 606 236 68929.518 
494 142 608 230 68961.863 
512 148 600 230 69025.68 
520 152 590 230 69057.86 
530 156 580 230 69090.419 
480 166 530 238 69217.467 
464 168 526 252 69249.707 
448 170 526 268 69281.471 
434 172 530 290 69313.237 
420 174 534 312 69345.497 
392 176 560 318 69407.576 
364 178 572 320 69470.739 
352 180 572 318 69502.414 
338 180 572 320 69534.986 
310 180 572 320 69597.545 
296 182 572 320 69629.883 
282 182 572 320 69661.425 
270 182 572 318 69693.155 
132 256 572 320 70194.986 
140 268 570 318 70227.396 
154 298 572 320 70290.955 
172 332 572 318 70355.106 
260 250 576 236 71666.211 
292 240 576 236 71729.585 
312 236 576 232 71761.454 
328 232 572 218 71794.17 
344 228 574 192 71825.737 
378 220 574 168 71888.89 
428 212 576 192 71982.409 
444 210 570 194 72014.003 
460 208 564 190 72046.521 
474 206 552 182 72079.371 
482 210 532 188 72142.398 
440 238 518 198 72206.467 
416 254 512 196 72238.842 
396 266 512 204 72271.426 
376 282 510 224 72303.948 
360 294 514 234 72336.37 
346 304 524 236 72369.016 
332 318 536 234 72401.48 
324 326 538 238 72433.852 
312 338 540 238 72466.306 
300 350 544 236 72498.797 
292 360 546 238 72531.108 
196 290 552 236 73316.17 
220 280 548 234 73347.806 
238 274 548 234 73379.671 
256 268 548 234 73412.287 
274 262 552 236 73444.14 
292 256 552 236 73475.985 
310 250 552 236 73508.704 
328 244 552 236 73540.584 
348 238 552 236 73572.493 
364 234 554 240 73605.038 
400 224 552 236 73667.29 
420 220 552 238 73700.011 
436 216 560 236 73731.688 
472 210 562 220 73795.215 
488 208 556 204 73826.87 
448 216 528 202 73920.541 
416 224 528 202 73952.39 
388 232 520 202 73985.122 
358 238 520 204 74016.725 
332 246 516 218 74049.221 
306 252 514 234 74082.037 
282 258 518 238 74113.762 
258 266 526 238 74146.529 
238 270 538 236 74178.779 
220 276 546 236 74211.294 
276 290 564 234 75121.995 
296 286 562 238 75154.761 
316 280 562 238 75187.13 
336 278 562 240 75219.598 
358 274 562 244 75252.371 
376 268 562 242 75284.84 
396 264 564 234 75317.113 
436 256 562 244 75379.628 
456 252 562 242 75412.25 
476 248 562 230 75444.116 
492 244 562 226 75475.916 
512 240 558 228 75508.506 
488 248 546 238 75540.133 
464 254 536 240 75571.847 
436 262 526 236 75604.292 
412 270 524 236 75635.863 
386 278 518 238 75667.612 
344 292 510 236 75730.567 
324 298 508 234 75762.411 
308 302 516 234 75795.074 
292 308 524 234 75826.779 
280 312 530 236 75858.643 
264 318 534 238 75891.106 
252 322 536 238 75922.636 
240 326 538 238 75954.315 
304 306 544 238 77004.459 
324 302 544 238 77037.202 
346 296 544 238 77070.411 
368 292 544 238 77103.378 
454 274 542 246 77232.042 
476 270 544 246 77265.385 
488 280 540 258 77361.909 
476 290 530 262 77394.069 
464 306 516 268 77458.403 
460 312 508 266 77490.917 
456 320 504 266 77524.055 
452 324 498 250 77556.502 
446 336 496 236 77620.656 
442 342 498 234 77652.825 
436 346 510 236 77685.029 
436 352 522 238 77718.026 
416 370 580 238 77844.886 
414 374 588 238 77877.305 
408 380 592 238 77910.322 
144 276 592 238 78965.179 
176 236 592 238 79030.248 
218 158 592 256 79158.706 
236 124 594 302 79223.471 
246 108 590 306 79256.295 
266 76 590 294 79321.373 
274 80 590 274 79354.123 
284 92 590 250 79387.112 
292 104 592 238 79419.833 
300 114 592 238 79452.741 
320 128 592 238 79516.437 
330 134 592 238 79549.493 
338 138 590 238 79581.692 
348 144 592 238 79614.138 
356 150 590 238 79647.04 
366 156 592 234 79679.172 
376 162 588 220 79711.306 
386 166 584 208 79744.283 
394 172 580 206 79776.529 
402 180 580 206 79808.822 
410 186 580 206 79841.943 
420 192 580 206 79874.16 
428 198 580 206 79906.476 
438 204 580 206 79939.304 
444 210 578 210 79972.698 
452 218 576 220 80005.009 
460 224 564 222 80038.142 
470 232 546 222 80070.27 
476 238 534 222 80102.686 
464 288 510 234 80326.271 
462 292 514 234 80359.427 
456 298 524 236 80392.41 
452 306 526 236 80425.331 
448 314 530 236 80458.465 
444 320 530 238 80491.439 
440 326 532 238 80524.156 
432 332 532 238 80557.084 
424 348 534 236 80621.504 
418 354 534 236 80654.718 
410 370 538 238 80719.383 
404 374 538 238 80752.562 
228 398 536 234 82619.568 
244 400 538 238 82652.564 
256 388 538 238 82685.598 
268 372 536 234 82718.484 
278 358 538 238 82751.517 
288 354 538 238 82784.45 
312 338 538 238 82849.183 
324 332 538 238 82882.39 
338 328 538 238 82915.336 
358 320 546 236 82980.306 
372 316 560 240 83013.236 
384 314 564 236 83046.284 
396 310 566 238 83079.212 
408 308 562 234 83112.023 
418 306 566 238 83144.926 
430 304 566 236 83178.035 
452 300 566 238 83242.799 
464 300 562 234 83275.807 
476 298 566 236 83308.655 
488 298 564 238 83341.677 
450 342 532 296 83470.11 
418 364 526 294 83502.908 
396 382 524 296 83535.786 
368 402 520 294 83567.932 
346 406 518 280 83600.875 
330 390 518 254 83634.187 
296 364 530 236 83698.66 
282 352 544 236 83730.652 
272 346 552 236 83763.062 
260 338 554 236 83796.11 
250 330 558 238 83828.267 
240 322 558 234 83860.738 
228 314 564 238 83893.929 
218 306 564 234 83926.023 
262 338 566 238 85035.701 
294 360 568 236 85068.721 
320 376 566 238 85101.646 
344 392 564 238 85134.891 
362 404 566 244 85167.77 
380 410 566 242 85200.62 
400 404 566 238 85233.336 
416 396 566 236 85266.318 
430 392 566 236 85299.176 
446 388 566 238 85331.903 
468 386 566 240 85364.975 
484 384 564 244 85397.864 
518 378 558 258 85462.888 
516 374 550 284 85495.786 
510 372 542 316 85528.745 
448 378 526 372 85625.529 
400 388 520 358 85688.778 
382 396 522 334 85721.845 
364 396 528 308 85753.807 
344 402 534 282 85786.154 
328 404 544 256 85819.257 
308 410 546 242 85851.315 
282 406 552 236 85915.955 
266 404 554 238 85948.106 
120 364 558 238 87690.008 
136 360 562 240 87722.869 
168 356 558 238 87785.954 
182 348 556 234 87819.093 
198 350 558 238 87851.198 
214 346 558 238 87883.445 
228 342 558 236 87916.596 
256 336 558 238 87979.939 
272 332 558 238 88012.884 
286 328 558 238 88044.791 
304 324 558 238 88077.031 
316 320 558 238 88110.33 
332 314 560 236 88142.402 
346 310 564 236 88174.629 
360 306 564 236 88208.002 
400 292 560 234 88304.027 
412 286 562 238 88336.926 
424 282 564 238 88369.685 
440 276 562 242 88402.637 
464 264 560 242 88467.6 
476 260 562 234 88500.644 
488 254 564 240 88533.843 
458 234 528 242 88662.197 
440 230 524 242 88696.566 
424 226 520 240 88729.726 
408 220 512 238 88762.617 
396 216 510 236 88795.839 
384 212 510 236 88828.889 
374 208 510 236 88861.819 
364 204 520 236 88895.135 
352 202 530 236 88928.002 
342 198 536 238 88960.968 
310 190 552 234 89057.903 
298 190 564 236 89090.971 
288 188 566 234 89124.056 
278 186 572 236 89156.922 
266 186 574 240 89190.259 
256 184 570 236 89223.239 
164 384 570 238 90144.039 
180 384 570 238 90176.368 
194 386 568 234 90208.771 
212 384 570 236 90242.245 
228 386 570 236 90274.572 
244 386 570 238 90307.015 
260 388 572 236 90340.278 
274 390 570 238 90372.503 
288 390 568 234 90404.826 
304 390 568 238 90437.994 
320 390 572 236 90470.265 
336 394 572 238 90502.653 
368 394 570 238 90567.172 
380 394 572 238 90599.661 
396 394 572 236 90633.04 
410 398 570 238 90665.405 
442 398 568 238 90729.98 
456 400 570 236 90762.349 
468 400 572 238 90794.758 
484 402 574 240 90828.012 
520 404 556 280 90923.672 
504 408 546 314 90955.817 
488 410 540 344 90988.175 
474 410 534 366 91021.392 
460 410 532 374 91053.621 
452 412 530 374 91086.945 
440 412 522 364 91119.904 
432 412 526 344 91154.566 
420 412 534 326 91187.525 
408 412 544 304 91220.606 
390 414 566 262 91285.694 
376 412 578 244 91318.652 
368 412 582 238 91351.941 
360 412 590 238 91384.93 
350 410 596 238 91417.983 
328 408 598 238 91483.099 
316 406 598 238 91516.399 
270 324 598 238 92498.797 
292 318 598 238 92531.309 
312 312 598 238 92564.748 
334 304 598 238 92597.134 
352 298 598 238 92629.596 
372 292 598 238 92663.046 
392 286 598 238 92695.167 
416 280 598 238 92727.638 
452 266 598 236 92791.948 
472 260 592 236 92824.369 
492 252 584 240 92857.692 
510 246 570 250 92889.954 
492 216 560 242 92985.471 
480 208 560 244 93018.782 
472 198 554 246 93051.644 
462 190 552 238 93085.065 
456 182 548 238 93118.077 
452 174 550 238 93151.308 
442 162 558 236 93184.39 
440 154 568 234 93217.406 
434 146 580 236 93250.407 
428 138 588 242 93283.347 
416 122 608 238 93348.109 
412 114 608 238 93381.333 
406 106 602 238 93414.24 
400 98 606 238 93447.138 
394 90 606 238 93480.166 
388 80 604 234 93514.293 
382 74 600 232 93547.355 
380 78 606 238 93580.426 
376 80 610 242 93613.269 
370 82 608 238 93646.304 
360 88 606 238 93711.378 
354 90 606 238 93744.458 
348 92 606 238 93777.743 
342 94 606 238 93810.739 
336 96 606 238 93843.689 
324 98 606 238 93907.307 
320 100 606 238 93940.534 
316 100 606 238 93972.893 
524 238 608 238 96060.258 
522 238 602 238 96125.294 
516 240 608 238 96157.68 
512 240 606 238 96222.744 
512 240 602 238 96255.207 
508 240 592 238 96287.701 
506 240 584 238 96321.148 
504 240 582 236 96353.436 
502 242 582 236 96386.131 
500 240 582 236 96419.448 
500 242 580 238 96451.747 
498 242 582 238 96484.188 
496 242 578 240 96517.277 
492 240 562 244 96580.863 
492 240 548 246 96614.046 
468 234 524 242 96709.384 
448 228 518 242 96772.782 
444 228 512 238 96805.848 
434 224 512 238 96838.106 
420 220 522 236 96902.476 
412 216 528 238 96935.69 
404 212 536 236 96968.527 
396 210 538 238 97001.374 
388 206 544 236 97034.398 
380 202 546 238 97068.53 
372 200 548 238 97101.204 
368 196 552 236 97134.22 
360 192 558 238 97167.061 
352 188 556 234 97199.844 
346 184 560 238 97232.822 
338 180 556 234 97265.521 
332 176 560 238 97298.242 
198 314 556 234 98347.386 
222 308 560 236 98379.631 
244 302 558 238 98411.839 
262 298 560 238 98444.771 
284 292 560 236 98476.824 
300 288 558 238 98509.254 
320 282 560 238 98542.257 
336 278 560 238 98574.417 
358 270 562 234 98606.615 
376 266 562 238 98639.697 
412 254 566 234 98702.988 
428 248 564 230 98735.88 
446 242 564 232 98767.829 
464 236 560 234 98800.251 
480 228 560 234 98833.093 
490 210 548 216 98928.164 
472 204 538 210 98960.276 
458 200 536 210 98992.643 
444 192 532 206 99025.519 
432 186 530 204 99057.446 
420 182 524 206 99089.736 
400 170 522 234 99153.706 
392 164 526 236 99186.161 
366 148 548 238 99281.404 
356 144 554 238 99314.278 
348 140 556 238 99348.265 
336 136 564 236 99381.068 
328 132 568 238 99413.888 
320 128 572 236 99446.909 
310 124 570 238 99479.74 
302 122 572 236 99512.59 
282 116 572 236 99577.376 
272 114 568 234 99610.135 
264 110 570 238 99642.988 
256 108 570 238 99675.87 
196 310 572 236 100811.272 
218 306 570 238 100844.369 
236 302 572 236 100876.382 
272 296 572 236 100941.655 
290 294 572 238 100974.632 
308 290 572 236 101007.416 
360 284 572 236 101103.685 
376 282 566 236 101136.599 
412 280 570 240 101201.525 
430 280 568 244 101234.426 
448 280 568 242 101267.336 
480 278 572 240 101331.942 
494 278 566 254 101364.854 
480 288 540 282 101429.375 
454 298 534 278 101462.347 
424 308 526 274 101495.175 
396 318 522 270 101527.988 
368 328 522 262 101561.063 
320 346 518 238 101625.748 
300 354 524 238 101658.538 
282 362 534 234 101691.22 
264 370 544 236 101723.957 
246 378 544 234 101756.998 
232 384 552 236 101789.899 
218 388 554 236 101824.201 
208 330 562 238 102829.421 
226 324 562 236 102862.577 
240 320 562 238 102894.757 
272 312 562 236 102959.15 
288 308 562 238 102992.246 
304 304 562 236 103025.181 
318 302 562 236 103058.105 
332 298 560 230 103091.083 
350 296 562 234 103123.898 
366 294 566 240 103156.748 
380 292 562 238 103189.821 
394 290 562 238 103222.678 
410 288 562 238 103255.751 
426 288 562 238 103288.739 
440 288 562 238 103321.644 
452 286 562 240 103354.465 
468 286 562 252 103387.4 
480 286 562 274 103420.456 
496 288 556 286 103453.247 
476 294 534 286 103518.248 
456 298 524 290 103551.289 
432 302 520 286 103584.424 
416 308 516 286 103617.304 
400 314 514 272 103650.322 
372 324 506 238 103715.209 
328 342 534 236 103845.367 
320 344 538 236 103878.492 
300 354 542 236 103943.625 
290 358 546 236 103976.557 
280 362 544 234 104009.457 
268 366 546 238 104042.456 
248 374 546 238 104107.509 
262 352 550 240 105002.443 
324 350 544 234 105106.7 
358 346 544 234 105176.741 
380 344 546 236 105212.384 
398 342 546 238 105248.205 
414 340 546 238 105284.043 
432 338 544 246 105319.686 
448 336 542 262 105355.234 
464 336 544 294 105390.63 
484 334 548 314 105425.873 
464 334 534 334 105529.977 
444 336 522 334 105565.761 
428 338 514 330 105601.448 
414 338 510 330 105636.746 
398 342 510 330 105672.604 
386 342 506 322 105707.833 
376 344 504 300 105742.85 
364 344 502 270 105778.303 
346 348 514 238 105847.933 
336 352 524 236 105883.862 
324 356 526 236 105919.125 
316 356 528 238 105955.016 
304 360 532 238 105991.127 
280 370 544 236 106096.587 
270 374 540 234 106131.961 
260 378 540 234 106166.671 
252 382 542 238 106202.419 
236 350 544 236 107110.962 
256 352 542 238 107143.418 
280 350 540 234 107175.841 
300 348 540 234 107208.542 
344 348 540 234 107272.043 
364 344 540 234 107304.436 
384 344 540 234 107336.731 
428 342 544 236 107400.298 
450 340 542 238 107432.692 
468 336 540 242 107465.003 
490 336 540 246 107497.557 
520 332 550 276 107561.209 
500 346 556 326 107625.573 
444 392 534 334 107720.709 
428 406 524 334 107753.055 
418 410 518 330 107785.72 
410 404 512 318 107818.138 
400 398 508 300 107850.256 
392 394 506 272 107882.791 
384 394 506 250 107915.263 
376 388 516 236 107947.458 
368 386 524 238 107982.25 
360 386 542 236 108044.529 
348 384 558 236 108093.451 
340 380 570 238 108127.117 
334 378 588 238 108159.477 
324 378 602 238 108191.68 
308 376 608 238 108224.23 
300 376 608 238 108256.448 
292 374 608 238 108288.665 
284 376 608 238 108321.318 
274 374 608 238 108353.576 
264 374 608 238 108385.878 
246 334 608 238 109413.32 
264 330 608 238 109445.768 
302 322 608 238 109509.527 
316 320 606 238 109542.159 
336 316 604 238 109574.489 
368 310 586 238 109638.298 
388 306 576 242 109670.839 
420 300 574 238 109734.534 
438 298 574 238 109766.997 
472 292 570 266 109830.986 
488 290 572 278 109863.42 
456 268 524 284 110052.911 
444 266 522 286 110085.247 
436 264 516 286 110117.803 
426 260 510 286 110150.226 
416 258 508 282 110182.445 
408 256 508 266 110214.813 
400 252 520 248 110247.271 
384 250 540 236 110310.912 
376 248 548 236 110343.335 
366 246 556 236 110375.837 
340 242 580 238 110471.794 
332 240 584 236 110503.206 
324 240 582 238 110534.874 
316 240 582 236 110567.77 
308 240 580 238 110599.296 
298 240 584 236 110631.206 
290 242 584 236 110663.897 
280 240 582 236 110695.689 
266 190 584 238 111727.252 
282 174 582 236 111759.68 
316 140 584 238 111823.759 
332 124 582 236 111856.244 
348 108 584 228 111888.502 
380 76 584 228 111952.196 
392 84 584 232 111984.664 
404 96 584 238 112017.174 
416 104 582 234 112049.655 
428 110 582 220 112082.12 
440 116 580 208 112114.677 
452 120 584 206 112147.207 
464 122 580 214 112179.674 
476 126 584 224 112212.275 
490 128 582 236 112244.67 
502 130 578 236 112277.075 
524 134 564 212 112341.301 
516 134 560 182 112373.681 
504 136 558 162 112406.572 
496 140 556 134 112438.906 
486 140 550 132 112471.107 
480 142 548 128 112502.927 
474 144 546 138 112534.995 
466 146 550 154 112567.669 
458 150 558 170 112599.387 
452 154 572 182 112631.507 
436 158 590 216 112694.721 
428 162 598 230 112727.97 
416 168 608 238 112790.675 
408 170 606 238 112822.685 
402 174 608 238 112855.28 
394 178 608 238 112887.031 
388 180 608 238 112919.197 
380 184 608 238 112951.897 
374 188 608 238 112983.553 
364 194 608 238 113015.641 
360 198 608 238 113048.224 
352 202 608 238 113079.825 
210 232 608 238 114112.299 
232 208 608 238 114144.714 
272 164 606 238 114208.404 
336 88 574 280 114334.925 
350 76 572 278 114367.298 
372 106 572 284 114431.251 
384 120 572 286 114463.388 
394 134 572 284 114496.122 
408 144 570 282 114527.768 
420 154 564 276 114560.419 
444 168 566 246 114623.047 
456 174 566 236 114655.755 
470 180 566 238 114687.542 
480 186 566 232 114719.562 
492 192 560 218 114752.044 
384 184 496 196 114907.222 
360 180 484 192 114939.901 
310 178 480 198 115002.402 
288 178 486 210 115034.915 
252 178 510 236 115098.598 
220 180 548 236 115161.774 
204 182 560 236 115193.67 
176 184 582 236 115256.917 
160 188 580 238 115288.868 
80 178 580 238 115477.022 
192 218 580 238 116576.801 
212 194 580 238 116608.939 
232 172 580 238 116641.748 
252 154 580 238 116673.519 
282 114 580 244 116736.754 
298 94 580 240 116768.641 
312 78 578 238 116800.599 
324 80 578 236 116833.372 
334 94 580 240 116865.276 
344 108 580 244 116897.195 
356 114 580 242 116930.048 
376 132 578 236 116992.557 
388 136 580 238 117024.823 
408 144 580 240 117087.274 
420 146 580 244 117119.923 
432 148 580 240 117151.571 
444 152 580 228 117183.7 
466 156 576 206 117247.075 
476 158 580 208 117279.283 
486 160 578 226 117311.646 
496 162 576 236 117343.255 
508 162 570 234 117375.968 
540 168 576 218 117472.069 
472 128 550 174 117601.425 
428 102 542 176 117665.379 
412 90 534 178 117697.804 
378 78 532 216 117761.733 
364 82 534 242 117793.992 
348 88 542 254 117826.719 
334 92 550 254 117859.132 
320 94 558 254 117891.544 
306 98 562 256 117923.986 
292 102 562 254 117956.342 
278 106 566 254 117988.61 
264 110 572 252 118021.174 
250 114 572 254 118053.713 
236 120 570 254 118085.884 
222 124 572 254 118118.407 
196 134 572 254 118181.988 
182 140 572 254 118214.411 
180 180 570 254 119145.627 
194 162 572 254 119177.443 
284 78 572 254 119366.932 
294 92 572 254 119399.439 
302 104 572 254 119432.149 
314 114 572 258 119464.589 
326 124 568 258 119497.174 
336 130 572 258 119529.729 
350 136 572 254 119562.154 
374 150 572 254 119625.76 
388 154 572 254 119658.156 
400 164 572 254 119690.519 
408 170 572 260 119723.18 
422 178 572 260 119755.645 
432 184 572 258 119788.21 
444 192 572 254 119820.743 
476 218 572 254 119915.548 
486 226 572 254 119947.914 
496 236 572 254 119980.358 
504 262 556 262 120075.449 
464 280 538 264 120140.557 
452 288 532 260 120172.799 
438 298 532 252 120205.291 
424 306 530 254 120237.527 
414 314 532 260 120269.855 
400 322 528 254 120302.558 
392 330 536 254 120334.916 
380 336 542 254 120367.458 
368 344 552 254 120400.1 
320 372 570 254 120526.102 
306 378 576 254 120558.592 
146 260 576 256 121272.137 
228 174 578 258 121398.599 
242 156 576 254 121431.23 
256 140 576 254 121463.645 
302 88 576 288 121558.9 
314 76 576 290 121591.155 
328 86 576 288 121623.591 
350 106 576 286 121687.268 
362 116 576 288 121719.789 
372 122 568 282 121752.142 
384 130 564 282 121784.433 
398 134 564 276 121817.034 
408 138 564 262 121849.444 
422 144 570 254 121881.474 
448 152 578 254 121945.291 
458 160 578 254 121977.557 
482 166 576 254 122041.476 
494 170 574 248 122073.759 
506 174 576 250 122106.318 
528 184 576 250 122169.733 
500 190 552 198 122265.697 
472 182 542 188 122298.317 
428 176 530 190 122362.051 
404 172 522 206 122394.577 
364 168 518 250 122458.068 
330 166 532 252 122521.842 
312 166 544 254 122554.093 
296 166 550 254 122586.677 
278 166 554 254 122619.186 
262 166 556 254 122651.702 
246 166 560 254 122683.24 
198 170 564 254 122776.987 
182 172 564 254 122808.747 
166 174 564 254 122841.441 
168 216 564 254 123682.086 
182 190 562 252 123714.614 
262 76 568 258 123903.376 
270 90 560 258 123935.707 
276 106 564 256 123968.049 
286 122 564 254 124000.49 
294 132 566 254 124032.843 
304 142 566 256 124065.31 
312 154 564 254 124097.725 
322 162 566 248 124129.999 
332 170 562 242 124162.146 
344 178 562 238 124194.751 
352 186 562 242 124226.989 
360 194 558 258 124259.412 
372 202 552 266 124292.03 
380 212 552 270 124324.291 
400 230 556 278 124387.958 
408 238 560 298 124420.255 
418 248 556 302 124452.329 
426 258 558 316 124484.844 
432 268 564 322 124517.035 
444 278 566 322 124549.272 
452 288 560 314 124581.849 
458 300 564 300 124614.175 
476 318 566 254 124678.394 
484 328 564 242 124710.181 
492 340 564 238 124742.475 
496 348 564 244 124773.895 
504 358 566 248 124805.741 
510 372 564 242 124838.26 
516 380 564 240 124869.685 
524 392 566 238 124901.488 
526 402 564 238 124934.133 
524 412 564 238 124965.988 
520 414 564 238 124998.009 
510 406 564 240 125060.993 
508 402 566 240 125092.816 
506 402 564 238 125125.322 
500 400 566 238 125187.875 
498 398 568 242 125220.629 
496 398 570 240 125252.23 
494 394 564 238 125284.037 
488 390 562 240 125377.781 
484 386 564 238 125410.232 
484 386 560 238 125441.911 
482 384 562 238 125473.557 
480 382 564 238 125506.285 
474 378 562 240 125537.929 
472 376 564 238 125569.692 
472 376 562 242 125601.961 
468 374 558 254 125633.579 
468 374 548 270 125666.238 
464 370 538 316 125760.156 
460 368 536 348 125823.286 
460 366 534 354 125854.961 
456 362 528 362 125917.596 
456 360 518 360 125950.056 
454 356 506 360 125982.63 
194 226 532 238 127260.303 
274 136 530 238 127443.252 
304 102 532 238 127565.25 
318 86 532 238 127627.69 
328 78 532 242 127689.84 
338 90 530 262 127751.369 
346 104 532 290 127813.367 
356 114 530 302 127875.369 
376 132 530 306 127936.893 
394 144 530 304 127999.298 
428 164 526 264 128121.403 
450 176 524 246 128184.12 
470 188 524 248 128246.624 
492 200 532 272 128309.704 
496 210 532 278 128371.795 
492 220 532 274 128433.328 
436 204 506 208 128556.012 
308 154 498 252 128797.908 
248 130 524 286 128919.539 
218 118 532 254 128981.161 
118 82 536 238 129223.872 
92 74 536 236 129347.902 
212 312 536 238 130549.189 
328 300 536 238 130695.53 
414 290 536 240 130759.033 
452 284 536 238 130790.719 
472 282 534 236 130822.544 
484 278 536 238 130916.374 
476 274 536 240 130949.023 
470 272 530 254 130980.678 
462 272 520 274 131012.441 
450 268 502 274 131107.75 
446 268 502 256 131139.911 
436 270 498 240 131203.753 
428 270 498 238 131267.746 
426 272 508 236 131300.331 
420 274 520 236 131332.919 
416 274 530 238 131365.679 
414 278 540 236 131398.085 
412 280 548 238 131430.6 
402 280 558 238 131463.374 
400 284 564 238 131495.668 
400 288 570 238 131527.999 
392 292 568 238 131593.095 
388 296 570 240 131625.482 
386 300 568 238 131658.349 
244 312 568 238 132533.677 
276 306 568 238 132566.452 
302 302 570 240 132599.079 
356 292 568 240 132662.616 
380 286 570 238 132694.181 
428 278 568 246 132757.643 
452 274 568 238 132789.201 
472 268 566 242 132821.195 
494 264 566 248 132853.62 
516 260 570 254 132885.16 
498 260 564 266 132948.773 
480 260 558 258 132980.404 
464 260 542 262 133012.29 
454 260 534 260 133044.739 
440 260 530 256 133076.421 
430 262 526 246 133108.305 
424 260 518 238 133141.111 
416 260 516 238 133172.696 
408 260 514 236 133204.406 
402 260 518 238 133237.118 
396 258 524 238 133269.323 
390 258 536 238 133301.183 
384 258 546 238 133333.676 
378 260 554 238 133366.268 
364 260 568 238 133429.891 
356 260 574 240 133462.505 
348 262 582 238 133494.696 
338 262 580 238 133558.488 
330 262 582 238 133590.889 
326 264 582 240 133624.395 
320 266 582 238 133656.944 
300 270 580 242 133751.989 
296 270 584 236 133784.165 
288 274 580 242 133816.576 
230 306 582 238 134722.19 
244 304 582 238 134754.785 
264 300 578 236 134786.495 
280 296 582 240 134818.375 
296 294 580 238 134850.821 
314 290 580 242 134882.655 
376 284 582 238 135007.251 
392 282 582 238 135039.932 
410 282 582 240 135071.601 
428 280 580 242 135103.572 
440 278 578 246 135135.952 
456 278 580 250 135167.736 
472 278 582 264 135199.972 
488 278 582 268 135232.441 
504 278 580 278 135264.232 
516 280 576 280 135296.341 
500 284 562 278 135359.756 
484 286 558 280 135391.777 
466 290 554 280 135424.143 
450 294 550 278 135455.843 
438 298 550 260 135487.619 
428 300 546 246 135520.145 
408 306 552 238 135583.335 
402 310 560 238 135616.046 
396 314 570 238 135648.825 
388 316 578 238 135681.253 
380 318 584 238 135714.641 
370 322 588 240 135747.161 
364 326 596 238 135779.631 
356 328 600 238 135812.043 
342 338 604 238 135876.249 
336 340 604 238 135908.698 
328 344 604 238 135941.475 
320 346 604 238 135973.955 
312 350 602 240 136006.23 
300 356 602 240 136070.302 
224 318 602 240 136818.644 
314 298 602 240 136912.212 
360 290 602 240 136975.422 
384 284 604 242 137007.276 
404 282 596 254 137039.864 
448 274 576 266 137102.387 
472 270 568 260 137134.696 
492 266 566 256 137166.899 
480 260 550 262 137262.377 
458 260 532 262 137293.868 
434 258 518 262 137326.647 
414 258 510 260 137359.239 
392 258 504 242 137391.724 
378 256 508 240 137424.04 
364 256 508 236 137456.619 
350 256 516 236 137488.936 
336 256 528 236 137521.159 
324 256 532 238 137553.81 
312 256 538 238 137586.091 
304 256 542 238 137618.459 
292 258 544 236 137651.095 
274 258 550 238 137714.354 
262 260 552 238 137746.915 
250 262 552 238 137779.374 
234 258 552 238 138621.209 
256 246 552 238 138653.909 
274 234 550 238 138685.803 
294 222 552 238 138717.576 
314 212 550 234 138751.392 
330 202 552 238 138783.158 
348 192 552 238 138815.054 
366 182 552 238 138847.385 
384 172 552 238 138879.035 
436 146 560 242 138972.915 
456 136 562 238 139004.923 
472 128 562 238 139037.579 
490 120 558 232 139069.187 
456 82 524 108 139287.668 
442 80 516 108 139320.13 
428 72 512 112 139384.133 
420 76 514 122 139416.247 
404 80 532 176 139480.003 
396 80 538 206 139512.29 
388 82 542 222 139544.874 
378 84 542 238 139577.224 
372 82 548 238 139609.73 
364 84 554 238 139642.327 
354 86 560 238 139674.632 
346 86 560 238 139706.681 
320 88 560 238 139802.867 
312 90 560 238 139835.457 
304 90 560 238 139868.24 
296 90 558 238 139900.511 
288 90 560 238 139933.217 
264 90 560 238 140027.989 
248 90 560 238 140091.809 
228 284 558 238 140901.646 
254 288 560 238 140934.047 
280 290 558 238 140965.557 
304 292 560 238 140997.369 
324 294 564 238 141029.773 
344 294 562 238 141061.352 
366 294 560 238 141093.237 
388 296 560 238 141125.668 
408 296 562 240 141157.071 
428 296 562 242 141188.866 
448 296 562 258 141221.668 
466 296 560 282 141253.271 
484 296 556 294 141285.082 
484 292 536 300 141348.166 
458 290 532 294 141380.164 
436 288 530 294 141412.544 
418 284 526 290 141444.075 
396 282 524 276 141475.888 
380 280 520 250 141508.451 
364 276 520 240 141540.197 
352 274 526 238 141571.899 
336 272 534 238 141604.402 
328 270 546 238 141635.931 
316 268 554 238 141667.932 
308 266 558 238 141700.225 
288 264 564 238 141762.425 
276 264 568 238 141795.029 
268 262 568 238 141826.703 
256 262 568 238 141858.454 
272 320 568 238 142825.708 
296 316 568 238 142857.24 
340 312 568 238 142920.658 
380 310 560 258 142983.021 
400 310 552 280 143015.816 
424 308 554 292 143047.309 
444 308 552 298 143079.39 
462 306 560 304 143111.77 
484 308 568 306 143143.216 
504 308 568 306 143175.13 
500 314 562 310 143238.169 
484 316 550 310 143270.199 
460 318 538 308 143302.924 
448 322 526 310 143334.438 
432 328 514 312 143367.375 
416 330 506 306 143399.967 
408 334 504 290 143431.428 
396 338 510 264 143464.137 
386 342 514 246 143496.35 
380 346 530 238 143528.945 
366 350 566 238 143592.778 
350 354 584 238 143656.637 
340 356 588 238 143688.851 
306 362 594 240 143816.652 
200 182 588 238 144751.716 
250 188 586 244 144816.021 
272 190 588 238 144847.645 
312 196 588 238 144910.82 
332 198 588 234 144942.45 
368 204 586 238 145005.776 
390 208 584 238 145037.394 
444 216 586 230 145130.758 
480 224 588 236 145193.875 
498 228 588 230 145225.602 
514 230 582 226 145257.344 
470 256 560 230 145351.105 
440 270 558 228 145383.325 
384 292 552 232 145445.552 
362 304 548 238 145477.984 
336 316 546 238 145509.629 
320 324 552 238 145541.944 
300 336 558 234 145574.568 
284 346 570 238 145606.291 
268 356 574 238 145638.704 
252 366 582 240 145671.38 
236 376 578 240 145703.896 
220 386 580 242 145736.194 
208 394 588 238 145768.699 
212 194 586 238 146736.592 
232 198 586 238 146768.318 
254 202 588 238 146800.586 
276 206 586 238 146832.095 
294 208 586 238 146863.74 
316 212 586 238 146896.204 
336 218 588 238 146928.029 
376 226 588 238 146991.098 
400 230 586 238 147023.025 
420 236 586 238 147054.907 
476 250 572 254 147148.074 
494 258 566 264 147180.641 
498 264 556 258 147243.767 
480 266 554 256 147276.242 
464 270 550 260 147308.856 
436 278 546 258 147371.913 
424 282 550 244 147404.382 
412 286 560 238 147436.644 
404 290 570 238 147469.068 
396 294 576 240 147501.629 
378 302 582 240 147565.389 
364 308 588 238 147629.057 
358 310 590 238 147661.586 
348 314 588 238 147694.116 
344 316 592 244 147727.605 
336 318 588 238 147759.939 
326 322 588 238 147792.509 
320 322 588 238 147824.817 
310 326 590 242 147857.282 
304 326 588 238 147889.834 
296 328 586 244 147922.23 
286 330 588 238 147954.343 
282 330 588 238 147986.81 
204 186 564 238 148757.424 
228 192 564 238 148789.957 
252 198 564 238 148821.603 
272 204 564 238 148853.374 
288 210 564 238 148886.009 
308 218 564 238 148917.709 
328 224 564 238 148949.533 
348 230 564 238 148982.324 
364 238 564 238 149014.042 
384 246 564 238 149045.934 
404 254 564 238 149078.611 
420 260 564 238 149110.242 
436 268 562 242 149142.025 
456 276 562 258 149174.649 
474 284 560 282 149206.342 
488 294 564 302 149238.134 
472 308 534 308 149332.353 
456 310 526 308 149364.951 
436 312 520 306 149396.806 
422 316 516 304 149428.49 
404 320 508 284 149461.132 
392 326 510 262 149492.857 
380 330 506 246 149524.628 
368 334 510 238 149557.351 
360 340 518 238 149589.026 
348 346 526 238 149620.805 
336 350 530 238 149653.314 
328 352 538 238 149685.831 
314 358 540 238 149718.184 
304 362 544 238 149751.824 
296 364 550 238 149784.484 
284 370 552 240 149816.869 
274 372 552 238 149849.372 
240 226 552 238 150807.576 
258 234 552 240 150839.393 
278 242 552 240 150871.883 
314 258 552 238 150934.278 
332 266 552 240 150967.045 
354 274 552 238 150998.861 
368 282 552 244 151030.556 
408 300 552 250 151093.114 
426 308 548 248 151124.81 
440 316 552 250 151157.418 
460 326 548 244 151189.767 
478 336 552 248 151221.549 
492 342 552 266 151254.293 
510 352 550 292 151286.088 
500 388 548 378 151443.422 
488 416 550 356 151570.676 
480 408 552 328 151633.9 
476 406 550 302 151666.591 
472 404 552 280 151698.975 
470 404 554 254 151731.332 
464 400 552 240 151764.04 
462 402 552 240 151797.591 
460 400 552 238 151829.955 
456 396 552 240 151862.716 
452 394 550 238 151895.193 
450 394 552 240 151927.563 
448 390 552 240 151960.091 
442 388 552 240 151992.732 
436 380 552 240 152088.019 
436 380 552 238 152120.557 
434 376 552 238 152153.177 
428 374 552 240 152185.746 
428 370 554 238 152217.867 
424 366 562 238 152281.718 
424 366 564 238 152314.051 
212 202 564 238 153372.041 
280 216 564 238 153435.919 
340 230 564 238 153500.156 
368 236 562 242 153532.631 
392 242 556 252 153565.243 
416 248 544 270 153597.743 
438 254 540 266 153629.91 
460 258 530 266 153662.379 
454 266 518 270 153757.518 
436 266 514 264 153789.981 
422 268 512 262 153822.394 
412 268 516 262 153855.027 
400 270 524 248 153887.52 
392 272 534 240 153919.714 
376 274 556 240 153983.467 
370 274 568 238 154015.908 
364 274 580 238 154048.585 
354 276 592 238 154112.392 
348 274 594 238 154145.038 
344 274 594 240 154177.616 
340 274 594 238 154209.818 
336 274 592 238 154242.354 
332 274 592 238 154274.947 
326 274 594 238 154307.336 
320 274 594 240 154339.934 
318 272 594 240 154373.617 
314 270 594 240 154405.894 
308 270 594 240 154438.525 
216 314 568 238 155460.034 
244 350 564 242 155492.484 
274 388 564 242 155524.781 
300 402 570 242 155557.439 
320 380 566 238 155589.944 
338 360 566 234 155622.136 
358 338 568 238 155654.755 
376 320 568 238 155687.161 
394 304 564 242 155719.565 
412 286 564 242 155752.105 
428 276 566 240 155784.446 
444 262 566 234 155816.863 
458 250 564 222 155849.491 
472 242 564 198 155881.903 
486 232 564 176 155913.924 
496 222 560 168 155946.508 
512 212 548 166 155978.747 
416 176 502 208 156073.616 
388 164 490 210 156105.899 
328 142 480 212 156169.959 
280 120 482 238 156233.522 
258 110 490 238 156265.961 
218 92 516 236 156329.579 
202 84 518 238 156362.054 
186 74 526 242 156394.342 
168 70 528 238 156426.914 
150 74 530 238 156460.627 
210 258 534 238 157077.054 
268 336 532 238 157140.178 
336 400 536 234 157235.035 
358 382 534 222 157267.545 
372 366 538 198 157300.016 
392 344 534 180 157332.024 
408 332 532 170 157364.426 
428 316 530 174 157398.165 
444 306 532 172 157430.429 
462 296 534 174 157462.815 
478 286 534 186 157495.455 
442 256 500 260 157590.24 
420 248 482 268 157622.234 
400 238 470 268 157654.729 
376 230 458 258 157686.991 
356 220 454 242 157719.124 
340 210 450 236 157751.706 
324 202 450 236 157784.073 
310 194 456 236 157816.56 
274 168 502 236 157911.431 
262 160 512 236 157943.877 
250 152 522 234 157976.202 
238 142 528 236 158008.424 
228 136 534 238 158040.938 
216 130 534 238 158073.269 
204 122 534 238 158105.684 
154 74 534 238 158294.251 
146 72 534 238 158326.995 
222 268 534 238 159321.804 
250 318 534 238 159354.258 
292 398 534 238 159417.726 
308 400 532 236 159450.239 
322 376 534 238 159482.628 
336 352 534 240 159514.93 
348 330 534 238 159547.315 
360 306 542 238 159579.562 
372 290 554 238 159611.642 
386 270 562 238 159643.988 
394 254 564 238 159676.298 
410 238 564 240 159708.552 
420 226 560 236 159740.96 
434 216 564 238 159773.225 
444 206 562 238 159805.606 
456 196 564 238 159838.148 
468 188 564 238 159870.479 
480 182 562 242 159902.621 
492 174 562 234 159934.907 
504 166 556 222 159967.116 
444 140 522 162 160093.082 
424 134 518 162 160125.522 
356 110 510 202 160251.205 
342 104 518 224 160283.475 
328 98 528 238 160317.188 
296 88 536 238 160380.817 
280 84 540 240 160413.36 
234 74 546 238 160508.045 
218 78 546 238 160540.335 
202 206 548 238 161032.561 
230 242 546 238 161063.992 
252 274 546 238 161095.807 
276 306 542 240 161128.383 
298 336 548 236 161159.959 
320 364 548 232 161191.826 
336 388 546 234 161224.502 
356 412 546 238 161257.06 
368 402 546 238 161288.945 
380 388 544 238 161321.36 
396 372 546 238 161352.814 
404 356 546 238 161384.602 
420 350 546 238 161417.162 
434 342 546 238 161448.834 
472 320 548 236 161542.381 
500 308 546 204 161605.562 
512 302 550 198 161637.056 
460 274 520 294 161793.009 
440 274 516 306 161824.617 
420 272 508 300 161856.487 
404 270 506 298 161888.977 
388 268 504 282 161920.42 
372 266 504 256 161952.08 
356 264 502 242 161984.715 
344 260 506 238 162016.313 
330 258 516 236 162048.126 
316 256 524 238 162081.036 
300 254 530 238 162112.53 
288 250 536 240 162145.113 
260 248 540 238 162208.795 
186 210 542 238 162798.462 
206 232 542 238 162830.979 
240 272 542 238 162892.925 
256 290 546 238 162925.556 
270 310 548 228 162957.082 
286 326 542 230 162988.825 
296 344 546 228 163020.983 
312 364 546 232 163052.401 
324 380 544 238 163084.231 
338 402 544 238 163116.842 
348 408 544 238 163148.364 
356 400 544 238 163181.206 
362 392 544 238 163214.088 
368 376 544 238 163245.643 
386 366 542 256 163308.47 
408 358 542 288 163402.435 
418 358 542 282 163434.86 
428 356 542 270 163467.149 
436 354 538 256 163499.524 
448 356 540 244 163532.039 
456 356 542 238 163564.443 
464 356 542 238 163596.474 
472 356 544 240 163628.99 
480 356 544 246 163661.378 
490 358 542 240 163693.606 
504 360 544 236 163757.549 
508 362 544 238 163789.818 
508 362 544 238 163822.465 
504 362 544 240 163854.74 
500 366 544 238 163917.853 
502 368 546 238 163950.11 
500 368 544 238 163982.32 
498 370 544 240 164014.927 
496 370 546 236 164047.226 
488 370 542 238 164110.844 
488 374 542 238 164143.137 
484 372 544 238 164176.324 
484 372 544 236 164208.763 
484 374 542 238 164241.17 
482 374 544 240 164273.435 
478 374 542 240 164305.911 
476 372 534 254 164338.177 
476 374 528 270 164370.342 
476 374 522 286 164402.933 
474 372 522 298 164435.252 
474 374 522 316 164467.325 
466 376 518 372 164593.847 
436 388 486 376 164719.509 
220 268 506 324 165992.51 
248 308 506 324 166024.719 
300 380 506 324 166088.675 
320 410 504 322 166121.048 
336 394 506 306 166153.205 
348 376 510 282 166186.007 
360 354 506 262 166218.29 
372 334 506 254 166250.563 
388 320 502 258 166283.222 
400 306 506 268 166315.438 
410 294 508 290 166347.792 
424 284 506 314 166380.355 
436 274 508 324 166412.696 
448 268 510 328 166444.837 
462 262 504 322 166477.665 
472 254 504 322 166509.969 
474 246 506 322 166542.337 
464 232 504 322 166606.166 
462 226 506 326 166638.689 
452 212 504 326 166702.602 
452 204 504 322 166735.029 
448 198 506 324 166766.662 
444 194 506 326 166798.499 
444 188 506 324 166831.156 
434 174 506 326 166893.465 
432 166 504 322 166926.201 
430 160 506 326 166957.879 
428 156 504 326 166991.051 
424 148 506 324 167023.686 
420 144 504 322 167055.356 
416 138 508 322 167087.213 
414 132 512 306 167119.893 
408 120 536 276 167182.262 
406 116 550 262 167214.981 
404 112 558 248 167246.776 
398 110 558 240 167278.743 
396 100 560 238 167311.342 
392 96 560 238 167343.119 
388 92 556 234 167374.958 
386 86 556 238 167407.774 
382 78 558 238 167470.627 
378 76 558 238 167503.497 
370 74 558 238 167535.354 
368 76 558 238 167567.359 
218 248 560 238 168387.704 
238 278 558 238 168420.316 
276 334 560 236 168484.061 
310 392 564 226 168547.524 
344 382 568 172 168642.732 
356 366 564 170 168675.543 
366 350 566 180 168707.939 
376 338 566 202 168740.039 
388 328 562 226 168772.111 
400 318 562 238 168804.044 
414 308 570 238 168836.466 
424 300 578 238 168868.171 
436 296 580 238 168899.988 
448 290 578 238 168932.59 
456 284 570 240 168964.602 
500 258 566 238 169089.159 
512 252 562 234 169121.646 
476 198 514 250 169433.652 
472 194 514 250 169466.303 
468 190 512 254 169498.725 
464 186 514 248 169531.413 
458 182 518 240 169563.986 
454 176 522 238 169596.238 
448 172 536 236 169628.797 
444 168 538 238 169661.297 
442 164 546 238 169693.719 
438 162 552 238 169726.468 
432 158 562 238 169758.945 
428 154 568 236 169791.332 
420 154 574 240 169823.964 
416 148 576 240 169856.434 
412 144 576 238 169888.771 
408 142 576 238 169921.417 
398 136 576 240 169985.294 
394 134 576 240 170018.26 
388 134 576 240 170050.753 
204 178 576 238 171019.295 
310 82 576 238 171143.809 
346 122 576 238 171207.28 
362 136 574 242 171239.066 
376 152 576 256 171270.953 
422 188 574 302 171364.403 
440 200 576 298 171396.9 
468 222 576 278 171459.275 
494 244 572 248 171523.503 
506 254 564 242 171556.037 
510 314 546 254 171650.998 
508 334 544 254 171683.383 
500 366 538 252 171747.461 
494 386 536 238 171779.936 
490 404 538 238 171812.58 
488 412 544 236 171845.081 
480 404 554 238 171877.293 
472 396 560 238 171910.013 
464 384 570 238 171942.557 
456 376 578 238 171974.941 
448 372 586 238 172008.689 
440 368 592 238 172041.224 
436 366 600 238 172073.712 
430 362 602 238 172106.397 
420 358 604 242 172138.829 
418 354 602 238 172171.03 
408 350 600 240 172203.628 
402 350 604 242 172236.145 
396 344 600 238 172268.419 
388 340 604 242 172301.05 
384 336 604 242 172333.465 
376 332 600 238 172365.968 
372 330 598 238 172398.693 
364 326 598 240 172431.246 
204 372 566 240 173355.88 
224 408 566 238 173388.514 
236 400 566 240 173420.271 
260 374 568 240 173484.774 
288 342 556 224 173547.412 
300 328 550 218 173579.858 
312 322 548 216 173611.492 
324 320 548 228 173643.588 
340 316 554 238 173676.191 
352 312 562 238 173707.806 
376 304 564 238 173771.326 
392 302 564 238 173803.133 
404 296 564 238 173835.097 
416 292 564 238 173867.478 
426 290 564 234 173899.691 
436 286 564 238 173931.786 
452 280 566 238 173964.458 
474 270 564 238 174028.537 
486 266 562 242 174060.844 
496 262 558 254 174093.53 
440 236 520 254 174219.657 
416 230 518 254 174251.97 
402 224 512 254 174284.653 
384 218 510 252 174317.117 
364 214 508 242 174350.757 
336 204 518 238 174414.824 
324 200 528 236 174446.947 
312 198 530 238 174479.47 
300 192 534 238 174511.936 
286 188 536 236 174544.204 
274 184 536 238 174576.814 
262 180 540 236 174609.224 
252 178 542 238 174641.548 
240 174 542 238 174674.142 
228 170 542 238 174706.639 
216 166 542 238 174738.771 
206 162 542 238 174771.372 
148 278 540 238 175447.647 
166 306 542 238 175480.282 
180 330 542 238 175511.88 
192 354 540 238 175543.792 
204 374 542 238 175576.089 
216 390 542 238 175607.541 
228 406 542 238 175639.252 
256 376 566 238 175732.765 
268 366 564 238 175765.297 
280 360 564 238 175796.788 
292 354 564 238 175829.708 
300 354 564 238 175861.93 
312 350 562 236 175894.391 
336 344 566 238 175958.141 
344 340 564 238 175990.758 
358 338 564 238 176023.26 
368 334 562 242 176055.668 
380 330 562 256 176088.136 
388 326 560 264 176120.601 
402 322 560 266 176152.784 
412 318 566 256 176185.198 
420 314 566 248 176217.585 
432 310 568 240 176249.812 
440 306 566 238 176282.208 
452 302 562 238 176314.583 
470 294 564 238 176378.353 
480 288 562 242 176410.781 
496 280 550 272 176475.495 
482 268 538 272 176538.798 
460 258 528 268 176633.661 
456 254 520 254 176666.044 
452 250 524 238 176698.397 
448 246 526 238 176730.493 
442 244 534 238 176762.789 
436 242 546 238 176795.193 
432 240 558 234 176827.515 
424 236 570 238 176860.084 
420 232 576 238 176891.853 
414 234 584 238 176924.521 
406 228 596 238 176986.904 
400 228 598 238 177019.262 
392 226 596 238 177050.908 
388 224 596 238 177082.85 
380 224 596 240 177115.532 
370 222 602 240 177178.12 
364 222 596 238 177210.866 
360 222 596 238 177242.546 
160 228 596 238 178112.614 
184 260 596 238 178144.838 
202 286 596 240 178177.383 
222 314 602 240 178209.693 
244 342 596 238 178241.976 
256 364 590 232 178274.472 
272 386 582 236 178306.778 
286 408 570 238 178339.168 
312 390 566 238 178402.799 
320 378 566 238 178434.909 
332 364 566 238 178467.229 
344 356 564 242 178499.484 
368 346 562 242 178563.272 
380 342 566 238 178595.501 
392 336 564 238 178627.808 
404 334 564 238 178660.333 
418 330 562 238 178692.571 
428 326 564 238 178724.753 
440 324 564 236 178757.162 
468 318 564 240 178820.564 
480 316 564 238 178853.202 
492 312 566 238 178885.551 
480 314 534 300 179010.03 
420 330 518 306 179072.106 
392 338 516 300 179106.076 
364 346 510 284 179137.56 
344 350 502 262 179169.37 
320 354 502 244 179202.143 
276 364 514 234 179264.236 
260 366 526 238 179296.713 
240 370 532 238 179328.019 
224 372 538 238 179359.657 
208 374 540 236 179392.318 
192 376 544 236 179423.875 
172 380 550 238 179455.592 
136 400 550 238 179580.377 
138 194 552 238 180570.967 
162 226 550 238 180603.171 
208 280 550 238 180667.187 
228 306 552 232 180699.191 
248 330 550 222 180731.665 
264 354 550 198 180763.929 
282 378 552 176 180796.183 
300 402 552 166 180828.754 
312 406 552 168 180860.958 
324 394 550 178 180893.274 
340 380 550 200 180925.153 
348 368 552 224 180956.858 
376 352 550 234 181019.518 
400 342 554 236 181082.64 
412 338 552 242 181114.284 
436 338 550 242 181177.394 
448 340 546 244 181208.917 
460 342 548 242 181240.757 
474 346 554 238 181273.129 
486 346 552 242 181304.643 
498 348 552 258 181336.287 
508 350 546 286 181368.84 
448 362 512 350 181523.473 
432 368 506 350 181587.307 
424 372 506 346 181619.078 
416 374 510 326 181651.623 
408 378 514 302 181683.22 
398 384 524 278 181714.941 
388 388 532 262 181747.551 
372 394 548 240 181809.859 
366 402 556 238 181842.222 
356 404 558 234 181873.858 
348 410 570 238 181905.563 
336 408 570 236 181968.704 
330 406 572 238 182000.487 
324 406 572 238 182033.098 
180 252 572 238 182986.514 
232 326 572 238 183049.6 
296 404 572 238 183143.253 
308 386 572 240 183174.944 
316 368 572 238 183206.631 
330 346 572 238 183238.965 
340 334 568 234 183270.48 
354 318 572 236 183302.143 
372 298 570 238 183365.314 
386 286 572 238 183396.974 
400 280 572 238 183429.65 
420 266 572 238 183492.284 
432 260 572 238 183524.568 
444 254 572 238 183556.11 
466 242 568 230 183619.246 
478 236 570 234 183650.838 
488 230 574 238 183682.507 
500 224 572 234 183715.12 
512 220 564 222 183746.799 
464 192 530 218 183840.14 
446 184 530 218 183871.825 
414 166 518 220 183935.723 
400 160 514 234 183969.177 
376 146 518 238 184032.926 
366 140 526 238 184065.338 
354 132 542 238 184097.513 
348 126 568 238 184130.007 
336 122 584 238 184162.278 
326 116 598 238 184194.638 
316 110 608 238 184227.318 
296 98 608 238 184291.202 
286 94 608 242 184323.882 
266 84 608 238 184387.348 
222 142 608 238 185193.56 
284 140 608 238 185256.968 
312 136 608 238 185288.839 
380 136 604 220 185382.743 
424 136 608 198 185446.113 
448 136 608 196 185477.962 
472 136 608 194 185510.27 
516 138 602 196 185572.305 
538 138 590 204 185604.795 
504 146 576 206 185698.565 
480 152 572 206 185730.281 
434 162 562 222 185823.683 
410 166 572 280 185886.862 
396 170 582 298 185918.637 
388 172 586 306 185950.409 
374 174 592 308 185983.0 
362 176 596 306 186015.079 
352 176 596 308 186047.221 
340 178 598 308 186079.595 
318 182 600 308 186142.132 
294 184 600 308 186206.875 
284 184 600 308 186238.652 
180 270 600 308 187015.015 
240 288 600 310 187077.244 
268 296 600 308 187111.178 
292 302 600 310 187142.746 
316 308 600 314 187174.624 
340 312 598 318 187207.011 
364 318 600 314 187238.615 
384 322 600 308 187270.477 
408 328 600 310 187302.918 
428 330 600 324 187334.633 
472 338 596 380 187397.957 
494 342 600 412 187429.591 
560 354 596 410 187554.713 
554 354 602 414 187586.983 
544 354 596 410 187619.625 
544 356 596 412 187652.282 
542 358 594 414 187716.207 
540 358 588 414 187748.626 
540 358 586 412 187780.856 
540 358 586 410 187813.714 
540 358 586 412 187845.988 
542 358 586 412 187909.82 
542 358 586 412 187942.183 
544 358 588 414 187974.575 
544 358 584 414 188007.286 
540 358 576 414 188039.603 
524 358 560 412 188104.173 
516 356 552 412 188136.475 
510 356 548 410 188168.807 
504 358 552 406 188201.539 
492 358 554 390 188233.878 
488 358 572 376 188266.273 
472 360 602 338 188330.426 
464 360 608 332 188362.561 
456 360 604 330 188395.245 
448 360 602 328 188427.601 
438 362 602 324 188459.991 
430 360 602 324 188492.6 
424 360 610 322 188524.952 
420 362 604 326 188557.266 
330 86 602 322 189731.909 
356 116 604 326 189794.85 
372 128 602 322 189827.716 
388 142 610 322 189859.878 
416 156 604 332 189923.818 
430 166 604 326 189956.476 
444 174 602 322 189989.701 
456 182 600 320 190022.76 
472 190 600 316 190055.564 
484 198 600 314 190088.499 
500 208 596 302 190121.49 
510 214 588 292 190154.214 
528 232 564 294 190219.148 
516 240 552 294 190252.061 
502 250 548 298 190285.084 
490 258 544 296 190317.912 
480 268 540 298 190350.595 
470 276 538 310 190383.451 
450 294 558 324 190447.857 
440 300 576 324 190480.959 
430 308 586 322 190513.966 
410 324 606 326 190579.002 
398 334 600 322 190611.913 
388 340 600 326 190644.697 
376 350 604 326 190677.863 
368 356 604 326 190711.325 
356 362 604 326 190745.187 
344 372 604 326 190778.155 
332 378 604 326 190811.035 
324 384 604 326 190843.875 
312 390 604 326 190877.118 
